1 3344559.149 3217590.485 291.507 
2 3344630.880 3217501.215 336.907 
3 3344595.488 3217485.463 322.106 
4 3344600.203 3217484.360 325.906 
5 3344603.365 3217485.469 326.906 
6 3344606.827 3217485.213 328.106 
7 3344617.781 3217485.977 332.206 
8 3344621.262 3217487.566 332.306 
9 3344619.411 3217487.629 332.606 
10 3344617.890 3217489.094 333.506 
11 3344615.109 3217494.923 337.106 
12 3344616.387 3217496.842 338.606 
13 3344599.777 3217497.587 337.906 
14 3344595.643 3217497.630 338.706 
15 3344586.629 3217498.076 338.006 
16 3344580.358 3217496.955 336.006 
17 3344575.036 3217496.352 334.106 
18 3344577.198 3217495.846 334.606 
19 3344579.235 3217494.814 334.906 
20 3344576.845 3217496.114 334.606 
21 3344577.198 3217495.846 334.706 
22 3344576.256 3217496.252 334.706 
23 3344575.471 3217496.435 334.706 
24 3344575.512 3217496.611 334.706 
25 3344575.356 3217496.832 334.706 
26 3344575.438 3217497.183 334.706 
27 3344575.127 3217497.625 334.606 
28 3344575.364 3217497.755 334.706 
29 3344575.994 3217497.792 334.706 
30 3344577.142 3217498.263 334.706 
31 3344577.657 3217498.697 334.606 
32 3344578.214 3217499.307 334.606 
33 3344578.100 3217499.703 334.606 
34 3344578.575 3217499.961 334.606 
35 3344578.616 3217500.137 334.606 
36 3344578.657 3217500.312 334.606 
37 3344578.895 3217500.441 334.606 
38 3344578.936 3217500.616 334.606 
39 3344578.977 3217500.792 334.606 
40 3344579.018 3217500.967 334.506 
